 ------- BEAMDYN V1.00.* INDIVIDUAL BLADE INPUT FILE --------------------------
 Test Format 1
 ---------------------- BLADE PARAMETERS --------------------------------------
30   station_total    - Number of blade input stations (-)
 1   damp_type        - Damping type: 0: no damping; 1: damped
  ---------------------- DAMPING COEFFICIENT------------------------------------
   mu1        mu2        mu3        mu4        mu5        mu6
   (-)        (-)        (-)        (-)        (-)        (-)
	 1.00000e-03 	 1.00000e-03 	 1.00000e-03 	 1.00000e-03 	 1.00000e-03 	 1.00000e-03
 ---------------------- DISTRIBUTED PROPERTIES---------------------------------
	 0.000000
	 4.6726980525000000e+09 	 8.1901136226000004e+06 	 0.0000000000000000e+00 	 0.0000000000000000e+00 	 0.0000000000000000e+00 	 6.3041512217000000e+07
	 8.1901136226000004e+06 	 4.6927645805000000e+09 	 0.0000000000000000e+00 	 0.0000000000000000e+00 	 0.0000000000000000e+00 	 -2.0971974695000000e+07
	 0.0000000000000000e+00 	 0.0000000000000000e+00 	 3.2099886971000000e+10 	 -3.5617675935000002e+07 	 1.8174626900999999e+05 	 0.0000000000000000e+00
	 0.0000000000000000e+00 	 0.0000000000000000e+00 	 -3.5617675935000002e+07 	 7.8309887632000000e+10 	 4.8698054108000003e+07 	 0.0000000000000000e+00
	 0.0000000000000000e+00 	 0.0000000000000000e+00 	 1.8174626900999999e+05 	 4.8698054108000003e+07 	 7.8434245038000000e+10 	 0.0000000000000000e+00
	 6.3041512217000000e+07 	 -2.0971974695000000e+07 	 0.0000000000000000e+00 	 0.0000000000000000e+00 	 0.0000000000000000e+00 	 4.5703886198000000e+10

	 2.2080600266000001e+03 	 0.0000000000000000e+00 	 0.0000000000000000e+00 	 0.0000000000000000e+00 	 0.0000000000000000e+00 	 1.0378688582000000e+00
	 0.0000000000000000e+00 	 2.2080600266000001e+03 	 0.0000000000000000e+00 	 0.0000000000000000e+00 	 0.0000000000000000e+00 	 5.0138275535999999e-01
	 0.0000000000000000e+00 	 0.0000000000000000e+00 	 2.2080600266000001e+03 	 -1.0378688582000000e+00 	 -5.0138275535999999e-01 	 0.0000000000000000e+00
	 0.0000000000000000e+00 	 0.0000000000000000e+00 	 -1.0378688582000000e+00 	 5.3879662820000003e+03 	 2.2820754327000001e+00 	 0.0000000000000000e+00
	 0.0000000000000000e+00 	 0.0000000000000000e+00 	 -5.0138275535999999e-01 	 2.2820754327000001e+00 	 5.3939761638999998e+03 	 0.0000000000000000e+00
	 1.0378688582000000e+00 	 5.0138275535999999e-01 	 0.0000000000000000e+00 	 0.0000000000000000e+00 	 0.0000000000000000e+00 	 1.0781942445999999e+04

	 0.034483
	 3.3745253119000001e+09 	 1.6147729572999999e+08 	 0.0000000000000000e+00 	 0.0000000000000000e+00 	 0.0000000000000000e+00 	 1.4733818152000001e+08
	 1.6147729572999999e+08 	 3.8986196571999998e+09 	 0.0000000000000000e+00 	 0.0000000000000000e+00 	 0.0000000000000000e+00 	 -1.2005702094000001e+07
	 0.0000000000000000e+00 	 0.0000000000000000e+00 	 2.7815690462000000e+10 	 -2.4743791161999998e+09 	 1.2166195026000001e+08 	 0.0000000000000000e+00
	 0.0000000000000000e+00 	 0.0000000000000000e+00 	 -2.4743791161999998e+09 	 6.0656609326000000e+10 	 -2.4696032170000000e+09 	 0.0000000000000000e+00
	 0.0000000000000000e+00 	 0.0000000000000000e+00 	 1.2166195026000001e+08 	 -2.4696032170000000e+09 	 6.3315242709000000e+10 	 0.0000000000000000e+00
	 1.4733818152000001e+08 	 -1.2005702094000001e+07 	 0.0000000000000000e+00 	 0.0000000000000000e+00 	 0.0000000000000000e+00 	 3.2565847791000000e+10

	 1.7374617479000001e+03 	 0.0000000000000000e+00 	 0.0000000000000000e+00 	 0.0000000000000000e+00 	 0.0000000000000000e+00 	 3.8410007387999997e+01
	 0.0000000000000000e+00 	 1.7374617479000001e+03 	 0.0000000000000000e+00 	 0.0000000000000000e+00 	 0.0000000000000000e+00 	 -1.3810356134999999e+00
	 0.0000000000000000e+00 	 0.0000000000000000e+00 	 1.7374617479000001e+03 	 -3.8410007387999997e+01 	 1.3810356134999999e+00 	 0.0000000000000000e+00
	 0.0000000000000000e+00 	 0.0000000000000000e+00 	 -3.8410007387999997e+01 	 4.0646925956999999e+03 	 -1.6327973718999999e+02 	 0.0000000000000000e+00
	 0.0000000000000000e+00 	 0.0000000000000000e+00 	 1.3810356134999999e+00 	 -1.6327973718999999e+02 	 3.7173985364999999e+03 	 0.0000000000000000e+00
	 3.8410007387999997e+01 	 -1.3810356134999999e+00 	 0.0000000000000000e+00 	 0.0000000000000000e+00 	 0.0000000000000000e+00 	 7.7820911322000002e+03

	 0.068966
	 1.8668849379000001e+09 	 3.8402247212000000e+08 	 0.0000000000000000e+00 	 0.0000000000000000e+00 	 0.0000000000000000e+00 	 5.2660840400999999e+08
	 3.8402247212000000e+08 	 3.1314421800000000e+09 	 0.0000000000000000e+00 	 0.0000000000000000e+00 	 0.0000000000000000e+00 	 -6.2599755976000004e+07
	 0.0000000000000000e+00 	 0.0000000000000000e+00 	 2.2048059616000000e+10 	 -4.6751225703999996e+09 	 7.1324676784000003e+08 	 0.0000000000000000e+00
	 0.0000000000000000e+00 	 0.0000000000000000e+00 	 -4.6751225703999996e+09 	 4.0303929575000000e+10 	 -5.3049052535000000e+09 	 0.0000000000000000e+00
	 0.0000000000000000e+00 	 0.0000000000000000e+00 	 7.1324676784000003e+08 	 -5.3049052535000000e+09 	 3.2886183588000000e+10 	 0.0000000000000000e+00
	 5.2660840400999999e+08 	 -6.2599755976000004e+07 	 0.0000000000000000e+00 	 0.0000000000000000e+00 	 0.0000000000000000e+00 	 1.5703161654000000e+10

	 1.2675806012000000e+03 	 0.0000000000000000e+00 	 0.0000000000000000e+00 	 0.0000000000000000e+00 	 0.0000000000000000e+00 	 1.4013728807999999e+02
	 0.0000000000000000e+00 	 1.2675806012000000e+03 	 0.0000000000000000e+00 	 0.0000000000000000e+00 	 0.0000000000000000e+00 	 -1.3971177290000000e+01
	 0.0000000000000000e+00 	 0.0000000000000000e+00 	 1.2675806012000000e+03 	 -1.4013728807999999e+02 	 1.3971177290000000e+01 	 0.0000000000000000e+00
	 0.0000000000000000e+00 	 0.0000000000000000e+00 	 -1.4013728807999999e+02 	 2.6259399914000001e+03 	 -3.3658950764000002e+02 	 0.0000000000000000e+00
	 0.0000000000000000e+00 	 0.0000000000000000e+00 	 1.3971177290000000e+01 	 -3.3658950764000002e+02 	 1.6768046896000001e+03 	 0.0000000000000000e+00
	 1.4013728807999999e+02 	 -1.3971177290000000e+01 	 0.0000000000000000e+00 	 0.0000000000000000e+00 	 0.0000000000000000e+00 	 4.3027446809000003e+03

	 0.103448
	 1.1800382352000000e+09 	 4.2622114619000000e+08 	 0.0000000000000000e+00 	 0.0000000000000000e+00 	 0.0000000000000000e+00 	 8.6349611798000002e+08
	 4.2622114619000000e+08 	 2.4693617133000002e+09 	 0.0000000000000000e+00 	 0.0000000000000000e+00 	 0.0000000000000000e+00 	 -1.0407858823999999e+08
	 0.0000000000000000e+00 	 0.0000000000000000e+00 	 1.8091923136000000e+10 	 -4.9304410018000002e+09 	 1.6453586945000000e+09 	 0.0000000000000000e+00
	 0.0000000000000000e+00 	 0.0000000000000000e+00 	 -4.9304410018000002e+09 	 2.7901040363000000e+10 	 -5.7179452023999996e+09 	 0.0000000000000000e+00
	 0.0000000000000000e+00 	 0.0000000000000000e+00 	 1.6453586945000000e+09 	 -5.7179452023999996e+09 	 1.5003627050000000e+10 	 0.0000000000000000e+00
	 8.6349611798000002e+08 	 -1.0407858823999999e+08 	 0.0000000000000000e+00 	 0.0000000000000000e+00 	 0.0000000000000000e+00 	 6.2801073941000004e+09

	 9.9749979780000001e+02 	 0.0000000000000000e+00 	 0.0000000000000000e+00 	 0.0000000000000000e+00 	 0.0000000000000000e+00 	 1.9952545008999999e+02
	 0.0000000000000000e+00 	 9.9749979780000001e+02 	 0.0000000000000000e+00 	 0.0000000000000000e+00 	 0.0000000000000000e+00 	 -3.1106012518000000e+01
	 0.0000000000000000e+00 	 0.0000000000000000e+00 	 9.9749979780000001e+02 	 -1.9952545008999999e+02 	 3.1106012518000000e+01 	 0.0000000000000000e+00
	 0.0000000000000000e+00 	 0.0000000000000000e+00 	 -1.9952545008999999e+02 	 1.7542929881000000e+03 	 -3.2355569386000002e+02 	 0.0000000000000000e+00
	 0.0000000000000000e+00 	 0.0000000000000000e+00 	 3.1106012518000000e+01 	 -3.2355569386000002e+02 	 6.7827481340999998e+02 	 0.0000000000000000e+00
	 1.9952545008999999e+02 	 -3.1106012518000000e+01 	 0.0000000000000000e+00 	 0.0000000000000000e+00 	 0.0000000000000000e+00 	 2.4325678014999999e+03

	 0.137931
	 7.7476112238999999e+08 	 3.2425847519000000e+08 	 0.0000000000000000e+00 	 0.0000000000000000e+00 	 0.0000000000000000e+00 	 6.5288660338999999e+08
	 3.2425847519000000e+08 	 1.9268552542000000e+09 	 0.0000000000000000e+00 	 0.0000000000000000e+00 	 0.0000000000000000e+00 	 -4.0021991456000000e+07
	 0.0000000000000000e+00 	 0.0000000000000000e+00 	 1.5597147362000000e+10 	 -4.7215507941000004e+09 	 7.8560102250000000e+08 	 0.0000000000000000e+00
	 0.0000000000000000e+00 	 0.0000000000000000e+00 	 -4.7215507941000004e+09 	 2.1793402181000000e+10 	 -3.8438938930000000e+09 	 0.0000000000000000e+00
	 0.0000000000000000e+00 	 0.0000000000000000e+00 	 7.8560102250000000e+08 	 -3.8438938930000000e+09 	 9.8495891961000004e+09 	 0.0000000000000000e+00
	 6.5288660338999999e+08 	 -4.0021991456000000e+07 	 0.0000000000000000e+00 	 0.0000000000000000e+00 	 0.0000000000000000e+00 	 3.6199959134000001e+09

	 7.8125453284000002e+02 	 0.0000000000000000e+00 	 0.0000000000000000e+00 	 0.0000000000000000e+00 	 0.0000000000000000e+00 	 1.5352374563000001e+02
	 0.0000000000000000e+00 	 7.8125453284000002e+02 	 0.0000000000000000e+00 	 0.0000000000000000e+00 	 0.0000000000000000e+00 	 -1.4067057588000001e+01
	 0.0000000000000000e+00 	 0.0000000000000000e+00 	 7.8125453284000002e+02 	 -1.5352374563000001e+02 	 1.4067057588000001e+01 	 0.0000000000000000e+00
	 0.0000000000000000e+00 	 0.0000000000000000e+00 	 -1.5352374563000001e+02 	 1.3334049585000000e+03 	 -2.3394372999999999e+02 	 0.0000000000000000e+00
	 0.0000000000000000e+00 	 0.0000000000000000e+00 	 1.4067057588000001e+01 	 -2.3394372999999999e+02 	 3.9105540719999999e+02 	 0.0000000000000000e+00
	 1.5352374563000001e+02 	 -1.4067057588000001e+01 	 0.0000000000000000e+00 	 0.0000000000000000e+00 	 0.0000000000000000e+00 	 1.7244603657000000e+03

	 0.172414
	 5.0945231367000002e+08 	 2.3066899024000001e+08 	 0.0000000000000000e+00 	 0.0000000000000000e+00 	 0.0000000000000000e+00 	 4.3726200233999997e+08
	 2.3066899024000001e+08 	 1.4864597487000000e+09 	 0.0000000000000000e+00 	 0.0000000000000000e+00 	 0.0000000000000000e+00 	 5.8079306969999999e+05
	 0.0000000000000000e+00 	 0.0000000000000000e+00 	 1.4746971836000000e+10 	 -4.6226536690000000e+09 	 7.1012341378999996e+08 	 0.0000000000000000e+00
	 0.0000000000000000e+00 	 0.0000000000000000e+00 	 -4.6226536690000000e+09 	 1.8200791017000000e+10 	 -2.9793471193000002e+09 	 0.0000000000000000e+00
	 0.0000000000000000e+00 	 0.0000000000000000e+00 	 7.1012341378999996e+08 	 -2.9793471193000002e+09 	 6.9750573973000002e+09 	 0.0000000000000000e+00
	 4.3726200233999997e+08 	 5.8079306969999999e+05 	 0.0000000000000000e+00 	 0.0000000000000000e+00 	 0.0000000000000000e+00 	 2.0230567740000000e+09

	 6.3072697427000003e+02 	 0.0000000000000000e+00 	 0.0000000000000000e+00 	 0.0000000000000000e+00 	 0.0000000000000000e+00 	 9.3536574971999997e+01
	 0.0000000000000000e+00 	 6.3072697427000003e+02 	 0.0000000000000000e+00 	 0.0000000000000000e+00 	 0.0000000000000000e+00 	 -3.0854668349000001e+00
	 0.0000000000000000e+00 	 0.0000000000000000e+00 	 6.3072697427000003e+02 	 -9.3536574971999997e+01 	 3.0854668349000001e+00 	 0.0000000000000000e+00
	 0.0000000000000000e+00 	 0.0000000000000000e+00 	 -9.3536574971999997e+01 	 1.0518353916999999e+03 	 -1.7390808206000000e+02 	 0.0000000000000000e+00
	 0.0000000000000000e+00 	 0.0000000000000000e+00 	 3.0854668349000001e+00 	 -1.7390808206000000e+02 	 2.2686017297000001e+02 	 0.0000000000000000e+00
	 9.3536574971999997e+01 	 -3.0854668349000001e+00 	 0.0000000000000000e+00 	 0.0000000000000000e+00 	 0.0000000000000000e+00 	 1.2786955647000000e+03

	 0.206897
	 3.6165928000999999e+08 	 1.5743530619000000e+08 	 0.0000000000000000e+00 	 0.0000000000000000e+00 	 0.0000000000000000e+00 	 2.9502239341000003e+08
	 1.5743530619000000e+08 	 1.1218656220999999e+09 	 0.0000000000000000e+00 	 0.0000000000000000e+00 	 0.0000000000000000e+00 	 1.6019079589000000e+07
	 0.0000000000000000e+00 	 0.0000000000000000e+00 	 1.3712239789000000e+10 	 -4.3688328355000000e+09 	 1.0482831798000000e+09 	 0.0000000000000000e+00
	 0.0000000000000000e+00 	 0.0000000000000000e+00 	 -4.3688328355000000e+09 	 1.5068519791000000e+10 	 -2.5729121104000001e+09 	 0.0000000000000000e+00
	 0.0000000000000000e+00 	 0.0000000000000000e+00 	 1.0482831798000000e+09 	 -2.5729121104000001e+09 	 5.2266534245000000e+09 	 0.0000000000000000e+00
	 2.9502239341000003e+08 	 1.6019079589000000e+07 	 0.0000000000000000e+00 	 0.0000000000000000e+00 	 0.0000000000000000e+00 	 1.1821801619000001e+09

	 5.1335330822000003e+02 	 0.0000000000000000e+00 	 0.0000000000000000e+00 	 0.0000000000000000e+00 	 0.0000000000000000e+00 	 5.5374731048999998e+01
	 0.0000000000000000e+00 	 5.1335330822000003e+02 	 0.0000000000000000e+00 	 0.0000000000000000e+00 	 0.0000000000000000e+00 	 -7.2960392247000005e-01
	 0.0000000000000000e+00 	 0.0000000000000000e+00 	 5.1335330822000003e+02 	 -5.5374731048999998e+01 	 7.2960392247000005e-01 	 0.0000000000000000e+00
	 0.0000000000000000e+00 	 0.0000000000000000e+00 	 -5.5374731048999998e+01 	 8.2558537361000003e+02 	 -1.3054811756999999e+02 	 0.0000000000000000e+00
	 0.0000000000000000e+00 	 0.0000000000000000e+00 	 7.2960392247000005e-01 	 -1.3054811756999999e+02 	 1.4351666976000001e+02 	 0.0000000000000000e+00
	 5.5374731048999998e+01 	 -7.2960392247000005e-01 	 0.0000000000000000e+00 	 0.0000000000000000e+00 	 0.0000000000000000e+00 	 9.6910204337000005e+02

	 0.241379
	 2.9064228108999997e+08 	 1.0829651808000000e+08 	 0.0000000000000000e+00 	 0.0000000000000000e+00 	 0.0000000000000000e+00 	 2.2535022634999999e+08
	 1.0829651808000000e+08 	 8.8294816432000005e+08 	 0.0000000000000000e+00 	 0.0000000000000000e+00 	 0.0000000000000000e+00 	 3.5882976711999997e+07
	 0.0000000000000000e+00 	 0.0000000000000000e+00 	 1.3328232151000000e+10 	 -4.4190386613999996e+09 	 3.9317081523000002e+08 	 0.0000000000000000e+00
	 0.0000000000000000e+00 	 0.0000000000000000e+00 	 -4.4190386613999996e+09 	 1.3235528668000000e+10 	 -1.6732483642000000e+09 	 0.0000000000000000e+00
	 0.0000000000000000e+00 	 0.0000000000000000e+00 	 3.9317081523000002e+08 	 -1.6732483642000000e+09 	 4.3570543831999998e+09 	 0.0000000000000000e+00
	 2.2535022634999999e+08 	 3.5882976711999997e+07 	 0.0000000000000000e+00 	 0.0000000000000000e+00 	 0.0000000000000000e+00 	 8.1553583160000002e+08

	 4.4418423976999998e+02 	 0.0000000000000000e+00 	 0.0000000000000000e+00 	 0.0000000000000000e+00 	 0.0000000000000000e+00 	 3.9738096968000001e+01
	 0.0000000000000000e+00 	 4.4418423976999998e+02 	 0.0000000000000000e+00 	 0.0000000000000000e+00 	 0.0000000000000000e+00 	 7.6612186680000001e+00
	 0.0000000000000000e+00 	 0.0000000000000000e+00 	 4.4418423976999998e+02 	 -3.9738096968000001e+01 	 -7.6612186680000001e+00 	 0.0000000000000000e+00
	 0.0000000000000000e+00 	 0.0000000000000000e+00 	 -3.9738096968000001e+01 	 6.9663582876999999e+02 	 -9.3910653926999998e+01 	 0.0000000000000000e+00
	 0.0000000000000000e+00 	 0.0000000000000000e+00 	 -7.6612186680000001e+00 	 -9.3910653926999998e+01 	 1.0531938073000001e+02 	 0.0000000000000000e+00
	 3.9738096968000001e+01 	 7.6612186680000001e+00 	 0.0000000000000000e+00 	 0.0000000000000000e+00 	 0.0000000000000000e+00 	 8.0195520950000002e+02

	 0.275862
	 2.5006031578000000e+08 	 8.0767759231000006e+07 	 0.0000000000000000e+00 	 0.0000000000000000e+00 	 0.0000000000000000e+00 	 1.8042588213000000e+08
	 8.0767759231000006e+07 	 7.7392541234000003e+08 	 0.0000000000000000e+00 	 0.0000000000000000e+00 	 0.0000000000000000e+00 	 4.4740626392999999e+07
	 0.0000000000000000e+00 	 0.0000000000000000e+00 	 1.4262474367000000e+10 	 -4.9361346043000002e+09 	 1.9062444213000000e+08 	 0.0000000000000000e+00
	 0.0000000000000000e+00 	 0.0000000000000000e+00 	 -4.9361346043000002e+09 	 1.2666637720000000e+10 	 -1.2896691405000000e+09 	 0.0000000000000000e+00
	 0.0000000000000000e+00 	 0.0000000000000000e+00 	 1.9062444213000000e+08 	 -1.2896691405000000e+09 	 4.0572666815000000e+09 	 0.0000000000000000e+00
	 1.8042588213000000e+08 	 4.4740626392999999e+07 	 0.0000000000000000e+00 	 0.0000000000000000e+00 	 0.0000000000000000e+00 	 6.2534773044000006e+08

	 4.2357331646000000e+02 	 0.0000000000000000e+00 	 0.0000000000000000e+00 	 0.0000000000000000e+00 	 0.0000000000000000e+00 	 2.8624986599000000e+01
	 0.0000000000000000e+00 	 4.2357331646000000e+02 	 0.0000000000000000e+00 	 0.0000000000000000e+00 	 0.0000000000000000e+00 	 1.2650252125000000e+01
	 0.0000000000000000e+00 	 0.0000000000000000e+00 	 4.2357331646000000e+02 	 -2.8624986599000000e+01 	 -1.2650252125000000e+01 	 0.0000000000000000e+00
	 0.0000000000000000e+00 	 0.0000000000000000e+00 	 -2.8624986599000000e+01 	 6.5413860996000005e+02 	 -7.6029153531000006e+01 	 0.0000000000000000e+00
	 0.0000000000000000e+00 	 0.0000000000000000e+00 	 -1.2650252125000000e+01 	 -7.6029153531000006e+01 	 8.6449073253999998e+01 	 0.0000000000000000e+00
	 2.8624986599000000e+01 	 1.2650252125000000e+01 	 0.0000000000000000e+00 	 0.0000000000000000e+00 	 0.0000000000000000e+00 	 7.4058768321000002e+02

	 0.310345
	 2.2246217250999999e+08 	 6.7694975039000005e+07 	 0.0000000000000000e+00 	 0.0000000000000000e+00 	 0.0000000000000000e+00 	 1.5248635771000001e+08
	 6.7694975039000005e+07 	 7.1201302763999999e+08 	 0.0000000000000000e+00 	 0.0000000000000000e+00 	 0.0000000000000000e+00 	 4.6347033761000000e+07
	 0.0000000000000000e+00 	 0.0000000000000000e+00 	 1.3933229349000000e+10 	 -4.7205249670000000e+09 	 1.4900681869000001e+07 	 0.0000000000000000e+00
	 0.0000000000000000e+00 	 0.0000000000000000e+00 	 -4.7205249670000000e+09 	 1.1549242128000000e+10 	 -1.0146536292000000e+09 	 0.0000000000000000e+00
	 0.0000000000000000e+00 	 0.0000000000000000e+00 	 1.4900681869000001e+07 	 -1.0146536292000000e+09 	 3.4473707060000000e+09 	 0.0000000000000000e+00
	 1.5248635771000001e+08 	 4.6347033761000000e+07 	 0.0000000000000000e+00 	 0.0000000000000000e+00 	 0.0000000000000000e+00 	 5.1192652431000000e+08

	 4.0085888283999998e+02 	 0.0000000000000000e+00 	 0.0000000000000000e+00 	 0.0000000000000000e+00 	 0.0000000000000000e+00 	 2.7210523007999999e+01
	 0.0000000000000000e+00 	 4.0085888283999998e+02 	 0.0000000000000000e+00 	 0.0000000000000000e+00 	 0.0000000000000000e+00 	 1.4443143622999999e+01
	 0.0000000000000000e+00 	 0.0000000000000000e+00 	 4.0085888283999998e+02 	 -2.7210523007999999e+01 	 -1.4443143622999999e+01 	 0.0000000000000000e+00
	 0.0000000000000000e+00 	 0.0000000000000000e+00 	 -2.7210523007999999e+01 	 5.9990027140999996e+02 	 -6.3498340638999998e+01 	 0.0000000000000000e+00
	 0.0000000000000000e+00 	 0.0000000000000000e+00 	 -1.4443143622999999e+01 	 -6.3498340638999998e+01 	 7.1417397398999995e+01 	 0.0000000000000000e+00
	 2.7210523007999999e+01 	 1.4443143622999999e+01 	 0.0000000000000000e+00 	 0.0000000000000000e+00 	 0.0000000000000000e+00 	 6.7131766880999999e+02

	 0.344828
	 2.0316241728000000e+08 	 6.4300542982000001e+07 	 0.0000000000000000e+00 	 0.0000000000000000e+00 	 0.0000000000000000e+00 	 1.2734657651000001e+08
	 6.4300542982000001e+07 	 7.2355642303999996e+08 	 0.0000000000000000e+00 	 0.0000000000000000e+00 	 0.0000000000000000e+00 	 4.8508306733000003e+07
	 0.0000000000000000e+00 	 0.0000000000000000e+00 	 1.5338143240000000e+10 	 -5.2716661396999998e+09 	 -6.0526269098999999e+07 	 0.0000000000000000e+00
	 0.0000000000000000e+00 	 0.0000000000000000e+00 	 -5.2716661396999998e+09 	 1.1250374612000000e+10 	 -8.6507537405999994e+08 	 0.0000000000000000e+00
	 0.0000000000000000e+00 	 0.0000000000000000e+00 	 -6.0526269098999999e+07 	 -8.6507537405999994e+08 	 3.5925499800999999e+09 	 0.0000000000000000e+00
	 1.2734657651000001e+08 	 4.8508306733000003e+07 	 0.0000000000000000e+00 	 0.0000000000000000e+00 	 0.0000000000000000e+00 	 4.6185185281999999e+08

	 4.0678426162000000e+02 	 0.0000000000000000e+00 	 0.0000000000000000e+00 	 0.0000000000000000e+00 	 0.0000000000000000e+00 	 3.2153826207000002e+01
	 0.0000000000000000e+00 	 4.0678426162000000e+02 	 0.0000000000000000e+00 	 0.0000000000000000e+00 	 0.0000000000000000e+00 	 1.4945545087999999e+01
	 0.0000000000000000e+00 	 0.0000000000000000e+00 	 4.0678426162000000e+02 	 -3.2153826207000002e+01 	 -1.4945545087999999e+01 	 0.0000000000000000e+00
	 0.0000000000000000e+00 	 0.0000000000000000e+00 	 -3.2153826207000002e+01 	 5.6616782817000001e+02 	 -5.5629303649000001e+01 	 0.0000000000000000e+00
	 0.0000000000000000e+00 	 0.0000000000000000e+00 	 -1.4945545087999999e+01 	 -5.5629303649000001e+01 	 6.9056256473999994e+01 	 0.0000000000000000e+00
	 3.2153826207000002e+01 	 1.4945545087999999e+01 	 0.0000000000000000e+00 	 0.0000000000000000e+00 	 0.0000000000000000e+00 	 6.3522408464000000e+02

	 0.379310
	 1.5206777433000001e+08 	 5.3769419430000000e+07 	 0.0000000000000000e+00 	 0.0000000000000000e+00 	 0.0000000000000000e+00 	 9.9859012256999999e+07
	 5.3769419430000000e+07 	 6.4409642179999995e+08 	 0.0000000000000000e+00 	 0.0000000000000000e+00 	 0.0000000000000000e+00 	 4.4177894300999999e+07
	 0.0000000000000000e+00 	 0.0000000000000000e+00 	 1.4929289971000000e+10 	 -4.9604841023000002e+09 	 -1.2990829587000000e+08 	 0.0000000000000000e+00
	 0.0000000000000000e+00 	 0.0000000000000000e+00 	 -4.9604841023000002e+09 	 9.8550665207000008e+09 	 -6.7782055585000002e+08 	 0.0000000000000000e+00
	 0.0000000000000000e+00 	 0.0000000000000000e+00 	 -1.2990829587000000e+08 	 -6.7782055585000002e+08 	 3.2516945780000000e+09 	 0.0000000000000000e+00
	 9.9859012256999999e+07 	 4.4177894300999999e+07 	 0.0000000000000000e+00 	 0.0000000000000000e+00 	 0.0000000000000000e+00 	 3.7362942547000003e+08

	 3.7233079717999999e+02 	 0.0000000000000000e+00 	 0.0000000000000000e+00 	 0.0000000000000000e+00 	 0.0000000000000000e+00 	 2.5524309898999999e+01
	 0.0000000000000000e+00 	 3.7233079717999999e+02 	 0.0000000000000000e+00 	 0.0000000000000000e+00 	 0.0000000000000000e+00 	 1.4319093538000001e+01
	 0.0000000000000000e+00 	 0.0000000000000000e+00 	 3.7233079717999999e+02 	 -2.5524309898999999e+01 	 -1.4319093538000001e+01 	 0.0000000000000000e+00
	 0.0000000000000000e+00 	 0.0000000000000000e+00 	 -2.5524309898999999e+01 	 4.8416273475000003e+02 	 -4.4974761946999998e+01 	 0.0000000000000000e+00
	 0.0000000000000000e+00 	 0.0000000000000000e+00 	 -1.4319093538000001e+01 	 -4.4974761946999998e+01 	 5.9140469195999998e+01 	 0.0000000000000000e+00
	 2.5524309898999999e+01 	 1.4319093538000001e+01 	 0.0000000000000000e+00 	 0.0000000000000000e+00 	 0.0000000000000000e+00 	 5.4330320395000001e+02

	 0.413793
	 1.4401844725000000e+08 	 4.8937625611000001e+07 	 0.0000000000000000e+00 	 0.0000000000000000e+00 	 0.0000000000000000e+00 	 8.9333649946999997e+07
	 4.8937625611000001e+07 	 6.2896676963000000e+08 	 0.0000000000000000e+00 	 0.0000000000000000e+00 	 0.0000000000000000e+00 	 4.1499405369000003e+07
	 0.0000000000000000e+00 	 0.0000000000000000e+00 	 1.4791219317000000e+10 	 -4.6516256195000000e+09 	 -1.9421780047999999e+08 	 0.0000000000000000e+00
	 0.0000000000000000e+00 	 0.0000000000000000e+00 	 -4.6516256195000000e+09 	 8.8246728947999992e+09 	 -5.4277645951999998e+08 	 0.0000000000000000e+00
	 0.0000000000000000e+00 	 0.0000000000000000e+00 	 -1.9421780047999999e+08 	 -5.4277645951999998e+08 	 2.9196067993000002e+09 	 0.0000000000000000e+00
	 8.9333649946999997e+07 	 4.1499405369000003e+07 	 0.0000000000000000e+00 	 0.0000000000000000e+00 	 0.0000000000000000e+00 	 3.2609285788999999e+08

	 3.5955230671999999e+02 	 0.0000000000000000e+00 	 0.0000000000000000e+00 	 0.0000000000000000e+00 	 0.0000000000000000e+00 	 1.8825830310000001e+01
	 0.0000000000000000e+00 	 3.5955230671999999e+02 	 0.0000000000000000e+00 	 0.0000000000000000e+00 	 0.0000000000000000e+00 	 1.4375316550000001e+01
	 0.0000000000000000e+00 	 0.0000000000000000e+00 	 3.5955230671999999e+02 	 -1.8825830310000001e+01 	 -1.4375316550000001e+01 	 0.0000000000000000e+00
	 0.0000000000000000e+00 	 0.0000000000000000e+00 	 -1.8825830310000001e+01 	 4.2664677431000001e+02 	 -3.7191436709000001e+01 	 0.0000000000000000e+00
	 0.0000000000000000e+00 	 0.0000000000000000e+00 	 -1.4375316550000001e+01 	 -3.7191436709000001e+01 	 5.1637938392999999e+01 	 0.0000000000000000e+00
	 1.8825830310000001e+01 	 1.4375316550000001e+01 	 0.0000000000000000e+00 	 0.0000000000000000e+00 	 0.0000000000000000e+00 	 4.7828471270000000e+02

	 0.448276
	 1.2820436672000000e+08 	 3.8410591748999998e+07 	 0.0000000000000000e+00 	 0.0000000000000000e+00 	 0.0000000000000000e+00 	 7.2840821608999997e+07
	 3.8410591748999998e+07 	 5.4742636895000005e+08 	 0.0000000000000000e+00 	 0.0000000000000000e+00 	 0.0000000000000000e+00 	 3.3843166130999997e+07
	 0.0000000000000000e+00 	 0.0000000000000000e+00 	 1.4375186161000000e+10 	 -4.4221100463000002e+09 	 -2.2310737193000001e+08 	 0.0000000000000000e+00
	 0.0000000000000000e+00 	 0.0000000000000000e+00 	 -4.4221100463000002e+09 	 7.2565881878000002e+09 	 -3.6877720350000000e+08 	 0.0000000000000000e+00
	 0.0000000000000000e+00 	 0.0000000000000000e+00 	 -2.2310737193000001e+08 	 -3.6877720350000000e+08 	 2.4531448351999998e+09 	 0.0000000000000000e+00
	 7.2840821608999997e+07 	 3.3843166130999997e+07 	 0.0000000000000000e+00 	 0.0000000000000000e+00 	 0.0000000000000000e+00 	 2.4494015021000001e+08

	 3.2495205589000000e+02 	 0.0000000000000000e+00 	 0.0000000000000000e+00 	 0.0000000000000000e+00 	 0.0000000000000000e+00 	 1.8192763991000000e+01
	 0.0000000000000000e+00 	 3.2495205589000000e+02 	 0.0000000000000000e+00 	 0.0000000000000000e+00 	 0.0000000000000000e+00 	 1.2403223587999999e+01
	 0.0000000000000000e+00 	 0.0000000000000000e+00 	 3.2495205589000000e+02 	 -1.8192763991000000e+01 	 -1.2403223587999999e+01 	 0.0000000000000000e+00
	 0.0000000000000000e+00 	 0.0000000000000000e+00 	 -1.8192763991000000e+01 	 3.2900954529000001e+02 	 -2.5995690342000000e+01 	 0.0000000000000000e+00
	 0.0000000000000000e+00 	 0.0000000000000000e+00 	 -1.2403223587999999e+01 	 -2.5995690342000000e+01 	 4.0362372551000000e+01 	 0.0000000000000000e+00
	 1.8192763991000000e+01 	 1.2403223587999999e+01 	 0.0000000000000000e+00 	 0.0000000000000000e+00 	 0.0000000000000000e+00 	 3.6937191783999998e+02

	 0.482759
	 1.1882624763000000e+08 	 3.3165348120000001e+07 	 0.0000000000000000e+00 	 0.0000000000000000e+00 	 0.0000000000000000e+00 	 6.3052540325000003e+07
	 3.3165348120000001e+07 	 5.3562706357999998e+08 	 0.0000000000000000e+00 	 0.0000000000000000e+00 	 0.0000000000000000e+00 	 3.0676996686999999e+07
	 0.0000000000000000e+00 	 0.0000000000000000e+00 	 1.4187266648000000e+10 	 -4.1604923410999999e+09 	 -2.6246118694000000e+08 	 0.0000000000000000e+00
	 0.0000000000000000e+00 	 0.0000000000000000e+00 	 -4.1604923410999999e+09 	 6.2476459991000004e+09 	 -2.5331323034000000e+08 	 0.0000000000000000e+00
	 0.0000000000000000e+00 	 0.0000000000000000e+00 	 -2.6246118694000000e+08 	 -2.5331323034000000e+08 	 2.0975372100000000e+09 	 0.0000000000000000e+00
	 6.3052540325000003e+07 	 3.0676996686999999e+07 	 0.0000000000000000e+00 	 0.0000000000000000e+00 	 0.0000000000000000e+00 	 2.0366029341000000e+08

	 3.0800570898000001e+02 	 0.0000000000000000e+00 	 0.0000000000000000e+00 	 0.0000000000000000e+00 	 0.0000000000000000e+00 	 1.3050377655000000e+01
	 0.0000000000000000e+00 	 3.0800570898000001e+02 	 0.0000000000000000e+00 	 0.0000000000000000e+00 	 0.0000000000000000e+00 	 1.1762783888000000e+01
	 0.0000000000000000e+00 	 0.0000000000000000e+00 	 3.0800570898000001e+02 	 -1.3050377655000000e+01 	 -1.1762783888000000e+01 	 0.0000000000000000e+00
	 0.0000000000000000e+00 	 0.0000000000000000e+00 	 -1.3050377655000000e+01 	 2.7217148465999998e+02 	 -1.9125230321000000e+01 	 0.0000000000000000e+00
	 0.0000000000000000e+00 	 0.0000000000000000e+00 	 -1.1762783888000000e+01 	 -1.9125230321000000e+01 	 3.3237246841999998e+01 	 0.0000000000000000e+00
	 1.3050377655000000e+01 	 1.1762783888000000e+01 	 0.0000000000000000e+00 	 0.0000000000000000e+00 	 0.0000000000000000e+00 	 3.0540873149999999e+02

	 0.517241
	 1.0549929775000000e+08 	 2.3551934467000000e+07 	 0.0000000000000000e+00 	 0.0000000000000000e+00 	 0.0000000000000000e+00 	 5.0551071832999997e+07
	 2.3551934467000000e+07 	 4.5798883250000000e+08 	 0.0000000000000000e+00 	 0.0000000000000000e+00 	 0.0000000000000000e+00 	 2.1795975868999999e+07
	 0.0000000000000000e+00 	 0.0000000000000000e+00 	 1.3082688863000000e+10 	 -3.5711027656999998e+09 	 -1.4345965586999999e+07 	 0.0000000000000000e+00
	 0.0000000000000000e+00 	 0.0000000000000000e+00 	 -3.5711027656999998e+09 	 5.1066629243000002e+09 	 -2.5855045936000001e+08 	 0.0000000000000000e+00
	 0.0000000000000000e+00 	 0.0000000000000000e+00 	 -1.4345965586999999e+07 	 -2.5855045936000001e+08 	 1.6630291239000001e+09 	 0.0000000000000000e+00
	 5.0551071832999997e+07 	 2.1795975868999999e+07 	 0.0000000000000000e+00 	 0.0000000000000000e+00 	 0.0000000000000000e+00 	 1.5604378583000001e+08

	 2.7158598236000000e+02 	 0.0000000000000000e+00 	 0.0000000000000000e+00 	 0.0000000000000000e+00 	 0.0000000000000000e+00 	 4.0945370907000003e+00
	 0.0000000000000000e+00 	 2.7158598236000000e+02 	 0.0000000000000000e+00 	 0.0000000000000000e+00 	 0.0000000000000000e+00 	 7.7953460533000003e+00
	 0.0000000000000000e+00 	 0.0000000000000000e+00 	 2.7158598236000000e+02 	 -4.0945370907000003e+00 	 -7.7953460533000003e+00 	 0.0000000000000000e+00
	 0.0000000000000000e+00 	 0.0000000000000000e+00 	 -4.0945370907000003e+00 	 2.1355630292000001e+02 	 -1.4217178783000000e+01 	 0.0000000000000000e+00
	 0.0000000000000000e+00 	 0.0000000000000000e+00 	 -7.7953460533000003e+00 	 -1.4217178783000000e+01 	 2.5388786793000001e+01 	 0.0000000000000000e+00
	 4.0945370907000003e+00 	 7.7953460533000003e+00 	 0.0000000000000000e+00 	 0.0000000000000000e+00 	 0.0000000000000000e+00 	 2.3894508970999999e+02

	 0.551724
	 9.3306964611000001e+07 	 1.6650364753000000e+07 	 0.0000000000000000e+00 	 0.0000000000000000e+00 	 0.0000000000000000e+00 	 4.0266434357000001e+07
	 1.6650364753000000e+07 	 3.8540396749000001e+08 	 0.0000000000000000e+00 	 0.0000000000000000e+00 	 0.0000000000000000e+00 	 2.0027619686000001e+07
	 0.0000000000000000e+00 	 0.0000000000000000e+00 	 1.2018635254000000e+10 	 -3.0367456198000002e+09 	 -2.8027346700999999e+08 	 0.0000000000000000e+00
	 0.0000000000000000e+00 	 0.0000000000000000e+00 	 -3.0367456198000002e+09 	 4.1558857610999999e+09 	 -8.7256772245000005e+07 	 0.0000000000000000e+00
	 0.0000000000000000e+00 	 0.0000000000000000e+00 	 -2.8027346700999999e+08 	 -8.7256772245000005e+07 	 1.3129528424000001e+09 	 0.0000000000000000e+00
	 4.0266434357000001e+07 	 2.0027619686000001e+07 	 0.0000000000000000e+00 	 0.0000000000000000e+00 	 0.0000000000000000e+00 	 1.1597417367000000e+08

	 2.3740765168999999e+02 	 0.0000000000000000e+00 	 0.0000000000000000e+00 	 0.0000000000000000e+00 	 0.0000000000000000e+00 	 -2.2074232587000000e+00
	 0.0000000000000000e+00 	 2.3740765168999999e+02 	 0.0000000000000000e+00 	 0.0000000000000000e+00 	 0.0000000000000000e+00 	 8.9228783274999994e+00
	 0.0000000000000000e+00 	 0.0000000000000000e+00 	 2.3740765168999999e+02 	 2.2074232587000000e+00 	 -8.9228783274999994e+00 	 0.0000000000000000e+00
	 0.0000000000000000e+00 	 0.0000000000000000e+00 	 2.2074232587000000e+00 	 1.6649006236000000e+02 	 -8.8019465506000003e+00 	 0.0000000000000000e+00
	 0.0000000000000000e+00 	 0.0000000000000000e+00 	 -8.9228783274999994e+00 	 -8.8019465506000003e+00 	 1.9060157054000001e+01 	 0.0000000000000000e+00
	 -2.2074232587000000e+00 	 8.9228783274999994e+00 	 0.0000000000000000e+00 	 0.0000000000000000e+00 	 0.0000000000000000e+00 	 1.8555021941000001e+02

	 0.586207
	 8.4635194931999996e+07 	 1.2181572307000000e+07 	 0.0000000000000000e+00 	 0.0000000000000000e+00 	 0.0000000000000000e+00 	 3.3343589916000001e+07
	 1.2181572307000000e+07 	 3.6774379832999998e+08 	 0.0000000000000000e+00 	 0.0000000000000000e+00 	 0.0000000000000000e+00 	 1.4802349374000000e+07
	 0.0000000000000000e+00 	 0.0000000000000000e+00 	 1.0956598268000000e+10 	 -2.5425637748000002e+09 	 -5.3977869303000003e+07 	 0.0000000000000000e+00
	 0.0000000000000000e+00 	 0.0000000000000000e+00 	 -2.5425637748000002e+09 	 3.3474480660999999e+09 	 -1.1157645927000000e+08 	 0.0000000000000000e+00
	 0.0000000000000000e+00 	 0.0000000000000000e+00 	 -5.3977869303000003e+07 	 -1.1157645927000000e+08 	 9.9566080660000002e+08 	 0.0000000000000000e+00
	 3.3343589916000001e+07 	 1.4802349374000000e+07 	 0.0000000000000000e+00 	 0.0000000000000000e+00 	 0.0000000000000000e+00 	 9.2806609765000001e+07

	 2.1258693251000000e+02 	 0.0000000000000000e+00 	 0.0000000000000000e+00 	 0.0000000000000000e+00 	 0.0000000000000000e+00 	 -4.1252348350999997e+00
	 0.0000000000000000e+00 	 2.1258693251000000e+02 	 0.0000000000000000e+00 	 0.0000000000000000e+00 	 0.0000000000000000e+00 	 5.4957813054000004e+00
	 0.0000000000000000e+00 	 0.0000000000000000e+00 	 2.1258693251000000e+02 	 4.1252348350999997e+00 	 -5.4957813054000004e+00 	 0.0000000000000000e+00
	 0.0000000000000000e+00 	 0.0000000000000000e+00 	 4.1252348350999997e+00 	 1.3209691773000000e+02 	 -6.4991111981999996e+00 	 0.0000000000000000e+00
	 0.0000000000000000e+00 	 0.0000000000000000e+00 	 -5.4957813054000004e+00 	 -6.4991111981999996e+00 	 1.4363644402000000e+01 	 0.0000000000000000e+00
	 -4.1252348350999997e+00 	 5.4957813054000004e+00 	 0.0000000000000000e+00 	 0.0000000000000000e+00 	 0.0000000000000000e+00 	 1.4646056213000000e+02

	 0.620690
	 6.7192604716000006e+07 	 7.4866751733999997e+06 	 0.0000000000000000e+00 	 0.0000000000000000e+00 	 0.0000000000000000e+00 	 2.0481144515999999e+07
	 7.4866751733999997e+06 	 2.9429808850999999e+08 	 0.0000000000000000e+00 	 0.0000000000000000e+00 	 0.0000000000000000e+00 	 1.0611397252000000e+07
	 0.0000000000000000e+00 	 0.0000000000000000e+00 	 8.6856500301000004e+09 	 -1.9401320702000000e+09 	 -2.9271244798999999e+07 	 0.0000000000000000e+00
	 0.0000000000000000e+00 	 0.0000000000000000e+00 	 -1.9401320702000000e+09 	 2.1824574553000002e+09 	 -5.8975093456000000e+07 	 0.0000000000000000e+00
	 0.0000000000000000e+00 	 0.0000000000000000e+00 	 -2.9271244798999999e+07 	 -5.8975093456000000e+07 	 6.7359222004999995e+08 	 0.0000000000000000e+00
	 2.0481144515999999e+07 	 1.0611397252000000e+07 	 0.0000000000000000e+00 	 0.0000000000000000e+00 	 0.0000000000000000e+00 	 5.9206451270999998e+07

	 1.6504372549000001e+02 	 0.0000000000000000e+00 	 0.0000000000000000e+00 	 0.0000000000000000e+00 	 0.0000000000000000e+00 	 -4.9563082348999998e-01
	 0.0000000000000000e+00 	 1.6504372549000001e+02 	 0.0000000000000000e+00 	 0.0000000000000000e+00 	 0.0000000000000000e+00 	 3.5806188934000001e+00
	 0.0000000000000000e+00 	 0.0000000000000000e+00 	 1.6504372549000001e+02 	 4.9563082348999998e-01 	 -3.5806188934000001e+00 	 0.0000000000000000e+00
	 0.0000000000000000e+00 	 0.0000000000000000e+00 	 4.9563082348999998e-01 	 8.5176343578000001e+01 	 -3.5328795864000000e+00 	 0.0000000000000000e+00
	 0.0000000000000000e+00 	 0.0000000000000000e+00 	 -3.5806188934000001e+00 	 -3.5328795864000000e+00 	 9.5424592340000007e+00 	 0.0000000000000000e+00
	 -4.9563082348999998e-01 	 3.5806188934000001e+00 	 0.0000000000000000e+00 	 0.0000000000000000e+00 	 0.0000000000000000e+00 	 9.4718802812000007e+01

	 0.655172
	 4.2271266461999997e+07 	 5.1508933947999999e+06 	 0.0000000000000000e+00 	 0.0000000000000000e+00 	 0.0000000000000000e+00 	 1.5067731435000001e+07
	 5.1508933947999999e+06 	 2.6274997259999999e+08 	 0.0000000000000000e+00 	 0.0000000000000000e+00 	 0.0000000000000000e+00 	 1.1798716460999999e+07
	 0.0000000000000000e+00 	 0.0000000000000000e+00 	 7.4271827421999998e+09 	 -1.4240388080000000e+09 	 -2.1059251966000000e+08 	 0.0000000000000000e+00
	 0.0000000000000000e+00 	 0.0000000000000000e+00 	 -1.4240388080000000e+09 	 1.6239331730999999e+09 	 1.6658170469000001e+07 	 0.0000000000000000e+00
	 0.0000000000000000e+00 	 0.0000000000000000e+00 	 -2.1059251966000000e+08 	 1.6658170469000001e+07 	 4.8560101804000002e+08 	 0.0000000000000000e+00
	 1.5067731435000001e+07 	 1.1798716460999999e+07 	 0.0000000000000000e+00 	 0.0000000000000000e+00 	 0.0000000000000000e+00 	 4.0682561741999999e+07

	 1.4194809119000001e+02 	 0.0000000000000000e+00 	 0.0000000000000000e+00 	 0.0000000000000000e+00 	 0.0000000000000000e+00 	 -4.6069633793999998e+00
	 0.0000000000000000e+00 	 1.4194809119000001e+02 	 0.0000000000000000e+00 	 0.0000000000000000e+00 	 0.0000000000000000e+00 	 4.7092366713000002e+00
	 0.0000000000000000e+00 	 0.0000000000000000e+00 	 1.4194809119000001e+02 	 4.6069633793999998e+00 	 -4.7092366713000002e+00 	 0.0000000000000000e+00
	 0.0000000000000000e+00 	 0.0000000000000000e+00 	 4.6069633793999998e+00 	 6.5682837512999996e+01 	 -1.8263029514000000e+00 	 0.0000000000000000e+00
	 0.0000000000000000e+00 	 0.0000000000000000e+00 	 -4.7092366713000002e+00 	 -1.8263029514000000e+00 	 6.8611025192000001e+00 	 0.0000000000000000e+00
	 -4.6069633793999998e+00 	 4.7092366713000002e+00 	 0.0000000000000000e+00 	 0.0000000000000000e+00 	 0.0000000000000000e+00 	 7.2543940032999998e+01

	 0.689655
	 3.5271304439000003e+07 	 1.2139816767000000e+06 	 0.0000000000000000e+00 	 0.0000000000000000e+00 	 0.0000000000000000e+00 	 1.0554589365000000e+07
	 1.2139816767000000e+06 	 1.9178969734000000e+08 	 0.0000000000000000e+00 	 0.0000000000000000e+00 	 0.0000000000000000e+00 	 6.5067712193000000e+06
	 0.0000000000000000e+00 	 0.0000000000000000e+00 	 6.1201378686999998e+09 	 -1.0169913111000000e+09 	 -4.8339070703000002e+07 	 0.0000000000000000e+00
	 0.0000000000000000e+00 	 0.0000000000000000e+00 	 -1.0169913111000000e+09 	 1.1107456363000000e+09 	 -4.1653789339000001e+06 	 0.0000000000000000e+00
	 0.0000000000000000e+00 	 0.0000000000000000e+00 	 -4.8339070703000002e+07 	 -4.1653789339000001e+06 	 3.2486455863000000e+08 	 0.0000000000000000e+00
	 1.0554589365000000e+07 	 6.5067712193000000e+06 	 0.0000000000000000e+00 	 0.0000000000000000e+00 	 0.0000000000000000e+00 	 2.6812017728000000e+07

	 1.1201356371000000e+02 	 0.0000000000000000e+00 	 0.0000000000000000e+00 	 0.0000000000000000e+00 	 0.0000000000000000e+00 	 -3.4548588978999999e+00
	 0.0000000000000000e+00 	 1.1201356371000000e+02 	 0.0000000000000000e+00 	 0.0000000000000000e+00 	 0.0000000000000000e+00 	 2.1901850837999999e+00
	 0.0000000000000000e+00 	 0.0000000000000000e+00 	 1.1201356371000000e+02 	 3.4548588978999999e+00 	 -2.1901850837999999e+00 	 0.0000000000000000e+00
	 0.0000000000000000e+00 	 0.0000000000000000e+00 	 3.4548588978999999e+00 	 4.4064375548000001e+01 	 -1.0996119140000000e+00 	 0.0000000000000000e+00
	 0.0000000000000000e+00 	 0.0000000000000000e+00 	 -2.1901850837999999e+00 	 -1.0996119140000000e+00 	 4.4940906847999997e+00 	 0.0000000000000000e+00
	 -3.4548588978999999e+00 	 2.1901850837999999e+00 	 0.0000000000000000e+00 	 0.0000000000000000e+00 	 0.0000000000000000e+00 	 4.8558466232999997e+01

	 0.724138
	 2.9186244276000001e+07 	 -4.2572598338999996e+04 	 0.0000000000000000e+00 	 0.0000000000000000e+00 	 0.0000000000000000e+00 	 7.0094853598999996e+06
	 -4.2572598338999996e+04 	 1.2718140813000000e+08 	 0.0000000000000000e+00 	 0.0000000000000000e+00 	 0.0000000000000000e+00 	 5.4948035573000005e+06
	 0.0000000000000000e+00 	 0.0000000000000000e+00 	 4.9126299420000000e+09 	 -6.7949001605999994e+08 	 -1.4841652716999999e+08 	 0.0000000000000000e+00
	 0.0000000000000000e+00 	 0.0000000000000000e+00 	 -6.7949001605999994e+08 	 7.1929242550999999e+08 	 2.3900057248000000e+07 	 0.0000000000000000e+00
	 0.0000000000000000e+00 	 0.0000000000000000e+00 	 -1.4841652716999999e+08 	 2.3900057248000000e+07 	 2.2022818653999999e+08 	 0.0000000000000000e+00
	 7.0094853598999996e+06 	 5.4948035573000005e+06 	 0.0000000000000000e+00 	 0.0000000000000000e+00 	 0.0000000000000000e+00 	 1.6019586949999999e+07

